
Status: FAILED!
Check: 1
Test: Part 1
Reason: Expected:
+------------+-------------+----------------+---------------+-------------+
| product_id |     sku     | original_price | current_price | on_markdown |
+------------+-------------+----------------+---------------+-------------+
|     67     |  SC-BLK-8   |      250       |      200      |      1      |
|     68     | SC-BLK-8.5  |      250       |      200      |      1      |
|     69     |  SC-BLK-9   |      250       |      200      |      1      |
|     70     | SC-BLK-9.5  |      250       |      200      |      1      |
|     71     |  SC-BLK-10  |      250       |      200      |      1      |
|     72     | SC-BLK-10.5 |      250       |      200      |      1      |
|     73     |  SC-BLK-11  |      250       |      200      |      1      |
|     74     | SC-BLK-11.5 |      250       |      200      |      1      |
|     75     |  SC-BLK-12  |      250       |      200      |      1      |
|     76     | SC-BLK-12.5 |      250       |      200      |      1      |
|     77     |  SC-BLK-13  |      250       |      200      |      1      |
|     78     |  SC-BRN-8   |      250       |      200      |      1      |
|     79     | SC-BRN-8.5  |      250       |      200      |      1      |
|     80     |  SC-BRN-9   |      250       |      200      |      1      |
|     81     | SC-BRN-9.5  |      250       |      200      |      1      |
|     82     |  SC-BRN-10  |      250       |      200      |      1      |
|     83     | SC-BRN-10.5 |      250       |      200      |      1      |
|     84     |  SC-BRN-11  |      250       |      200      |      1      |
|     85     | SC-BRN-11.5 |      250       |      200      |      1      |
|     86     |  SC-BRN-12  |      250       |      200      |      1      |
|     87     | SC-BRN-12.5 |      250       |      200      |      1      |
|     88     |  SC-BRN-13  |      250       |      200      |      1      |
|     89     |  SC-BLU-8   |      250       |      200      |      1      |
|     90     | SC-BLU-8.5  |      250       |      200      |      1      |
|     91     |  SC-BLU-9   |      250       |      200      |      1      |
|     92     | SC-BLU-9.5  |      250       |      200      |      1      |
|     93     |  SC-BLU-10  |      250       |      200      |      1      |
|     94     | SC-BLU-10.5 |      250       |      200      |      1      |
|     95     |  SC-BLU-11  |      250       |      200      |      1      |
|     96     | SC-BLU-11.5 |      250       |      200      |      1      |
|     97     |  SC-BLU-12  |      250       |      200      |      1      |
|     98     | SC-BLU-12.5 |      250       |      200      |      1      |
|     99     |  SC-BLU-13  |      250       |      200      |      1      |
|    133     |  CH-BLK-6   |      200       |      160      |      1      |
|    134     | CH-BLK-6.5  |      200       |      160      |      1      |
|    135     |  CH-BLK-7   |      200       |      160      |      1      |
|    136     | CH-BLK-7.5  |      200       |      160      |      1      |
|    137     |  CH-BLK-8   |      200       |      160      |      1      |
|    138     | CH-BLK-8.5  |      200       |      160      |      1      |
|    139     |  CH-BLK-9   |      200       |      160      |      1      |
|    140     | CH-BLK-9.5  |      200       |      160      |      1      |
|    141     |  CH-BLK-10  |      200       |      160      |      1      |
|    142     | CH-BLK-10.5 |      200       |      160      |      1      |
|    143     |  CH-BLK-11  |      200       |      160      |      1      |
|    144     |  CH-BRN-6   |      200       |      160      |      1      |
|    145     | CH-BRN-6.5  |      200       |      160      |      1      |
|    146     |  CH-BRN-7   |      200       |      160      |      1      |
|    147     | CH-BRN-7.5  |      200       |      160      |      1      |
|    148     |  CH-BRN-8   |      200       |      160      |      1      |
|    149     | CH-BRN-8.5  |      200       |      160      |      1      |
|    150     |  CH-BRN-9   |      200       |      160      |      1      |
|    151     | CH-BRN-9.5  |      200       |      160      |      1      |
|    152     |  CH-BRN-10  |      200       |      160      |      1      |
|    153     | CH-BRN-10.5 |      200       |      160      |      1      |
|    154     |  CH-BRN-11  |      200       |      160      |      1      |
|    155     |  CH-TAN-6   |      200       |      160      |      1      |
|    156     | CH-TAN-6.5  |      200       |      160      |      1      |
|    157     |  CH-TAN-7   |      200       |      160      |      1      |
|    158     | CH-TAN-7.5  |      200       |      160      |      1      |
|    159     |  CH-TAN-8   |      200       |      160      |      1      |
|    160     | CH-TAN-8.5  |      200       |      160      |      1      |
|    161     |  CH-TAN-9   |      200       |      160      |      1      |
|    162     | CH-TAN-9.5  |      200       |      160      |      1      |
|    163     |  CH-TAN-10  |      200       |      160      |      1      |
|    164     | CH-TAN-10.5 |      200       |      160      |      1      |
|    165     |  CH-TAN-11  |      200       |      160      |      1      |
+------------+-------------+----------------+---------------+-------------+
Found:
+------------+-------------+----------------+---------------+-------------+
| product_id |     sku     | original_price | current_price | on_markdown |
+------------+-------------+----------------+---------------+-------------+
|     1      |  CT-BLK-8   |      200       |      200      |      0      |
|     2      | CT-BLK-8.5  |      200       |      200      |      0      |
|     3      |  CT-BLK-9   |      200       |      200      |      0      |
|     4      | CT-BLK-9.5  |      200       |      200      |      0      |
|     5      |  CT-BLK-10  |      200       |      200      |      0      |
|     6      | CT-BLK-10.5 |      200       |      200      |      0      |
|     7      |  CT-BLK-11  |      200       |      200      |      0      |
|     8      | CT-BLK-11.5 |      200       |      200      |      0      |
|     9      |  CT-BLK-12  |      200       |      200      |      0      |
|     10     | CT-BLK-12.5 |      200       |      200      |      0      |
|     11     |  CT-BLK-13  |      200       |      200      |      0      |
|     12     |  CT-BRN-8   |      200       |      200      |      0      |
|     13     | CT-BRN-8.5  |      200       |      200      |      0      |
|     14     |  CT-BRN-9   |      200       |      200      |      0      |
|     15     | CT-BRN-9.5  |      200       |      200      |      0      |
|     16     |  CT-BRN-10  |      200       |      200      |      0      |
|     17     | CT-BRN-10.5 |      200       |      200      |      0      |
|     18     |  CT-BRN-11  |      200       |      200      |      0      |
|     19     | CT-BRN-11.5 |      200       |      200      |      0      |
|     20     |  CT-BRN-12  |      200       |      200      |      0      |
|     21     | CT-BRN-12.5 |      200       |      200      |      0      |
|     22     |  CT-BRN-13  |      200       |      200      |      0      |
|     23     |  CT-TAN-8   |      200       |      200      |      0      |
|     24     | CT-TAN-8.5  |      200       |      200      |      0      |
|     25     |  CT-TAN-9   |      200       |      200      |      0      |
|     26     | CT-TAN-9.5  |      200       |      200      |      0      |
|     27     |  CT-TAN-10  |      200       |      200      |      0      |
|     28     | CT-TAN-10.5 |      200       |      200      |      0      |
|     29     |  CT-TAN-11  |      200       |      200      |      0      |
|     30     | CT-TAN-11.5 |      200       |      200      |      0      |
|     31     |  CT-TAN-12  |      200       |      200      |      0      |
|     32     | CT-TAN-12.5 |      200       |      200      |      0      |
|     33     |  CT-TAN-13  |      200       |      200      |      0      |
|     34     |  WT-BLK-8   |      230       |      230      |      0      |
|     35     | WT-BLK-8.5  |      230       |      230      |      0      |
|     36     |  WT-BLK-9   |      230       |      230      |      0      |
|     37     | WT-BLK-9.5  |      230       |      230      |      0      |
|     38     |  WT-BLK-10  |      230       |      230      |      0      |
|     39     | WT-BLK-10.5 |      230       |      230      |      0      |
|     40     |  WT-BLK-11  |      230       |      230      |      0      |
|     41     | WT-BLK-11.5 |      230       |      230      |      0      |
|     42     |  WT-BLK-12  |      230       |      230      |      0      |
|     43     | WT-BLK-12.5 |      230       |      230      |      0      |
|     44     |  WT-BLK-13  |      230       |      230      |      0      |
|     45     |  WT-BRN-8   |      230       |      230      |      0      |
|     46     | WT-BRN-8.5  |      230       |      230      |      0      |
|     47     |  WT-BRN-9   |      230       |      230      |      0      |
|     48     | WT-BRN-9.5  |      230       |      230      |      0      |
|     49     |  WT-BRN-10  |      230       |      230      |      0      |
|     50     | WT-BRN-10.5 |      230       |      230      |      0      |
|     51     |  WT-BRN-11  |      230       |      230      |      0      |
|     52     | WT-BRN-11.5 |      230       |      230      |      0      |
|     53     |  WT-BRN-12  |      230       |      230      |      0      |
|     54     | WT-BRN-12.5 |      230       |      230      |      0      |
|     55     |  WT-BRN-13  |      230       |      230      |      0      |
|     56     |  WT-TAN-8   |      230       |      230      |      0      |
|     57     | WT-TAN-8.5  |      230       |      230      |      0      |
|     58     |  WT-TAN-9   |      230       |      230      |      0      |
|     59     | WT-TAN-9.5  |      230       |      230      |      0      |
|     60     |  WT-TAN-10  |      230       |      230      |      0      |
|     61     | WT-TAN-10.5 |      230       |      230      |      0      |
|     62     |  WT-TAN-11  |      230       |      230      |      0      |
|     63     | WT-TAN-11.5 |      230       |      230      |      0      |
|     64     |  WT-TAN-12  |      230       |      230      |      0      |
|     65     | WT-TAN-12.5 |      230       |      230      |      0      |
|     66     |  WT-TAN-13  |      230       |      230      |      0      |
|     67     |  SC-BLK-8   |      250       |      200      |      1      |
|     68     | SC-BLK-8.5  |      250       |      200      |      1      |
|     69     |  SC-BLK-9   |      250       |      200      |      1      |
|     70     | SC-BLK-9.5  |      250       |      200      |      1      |
|     71     |  SC-BLK-10  |      250       |      200      |      1      |
|     72     | SC-BLK-10.5 |      250       |      200      |      1      |
|     73     |  SC-BLK-11  |      250       |      200      |      1      |
|     74     | SC-BLK-11.5 |      250       |      200      |      1      |
|     75     |  SC-BLK-12  |      250       |      200      |      1      |
|     76     | SC-BLK-12.5 |      250       |      200      |      1      |
|     77     |  SC-BLK-13  |      250       |      200      |      1      |
|     78     |  SC-BRN-8   |      250       |      200      |      1      |
|     79     | SC-BRN-8.5  |      250       |      200      |      1      |
|     80     |  SC-BRN-9   |      250       |      200      |      1      |
|     81     | SC-BRN-9.5  |      250       |      200      |      1      |
|     82     |  SC-BRN-10  |      250       |      200      |      1      |
|     83     | SC-BRN-10.5 |      250       |      200      |      1      |
|     84     |  SC-BRN-11  |      250       |      200      |      1      |
|     85     | SC-BRN-11.5 |      250       |      200      |      1      |
|     86     |  SC-BRN-12  |      250       |      200      |      1      |
|     87     | SC-BRN-12.5 |      250       |      200      |      1      |
|     88     |  SC-BRN-13  |      250       |      200      |      1      |
|     89     |  SC-BLU-8   |      250       |      200      |      1      |
|     90     | SC-BLU-8.5  |      250       |      200      |      1      |
|     91     |  SC-BLU-9   |      250       |      200      |      1      |
|     92     | SC-BLU-9.5  |      250       |      200      |      1      |
|     93     |  SC-BLU-10  |      250       |      200      |      1      |
|     94     | SC-BLU-10.5 |      250       |      200      |      1      |
|     95     |  SC-BLU-11  |      250       |      200      |      1      |
|     96     | SC-BLU-11.5 |      250       |      200      |      1      |
|     97     |  SC-BLU-12  |      250       |      200      |      1      |
|     98     | SC-BLU-12.5 |      250       |      200      |      1      |
|     99     |  SC-BLU-13  |      250       |      200      |      1      |
|    100     |  BH-BLK-6   |      180       |      180      |      0      |
|    101     | BH-BLK-6.5  |      180       |      180      |      0      |
|    102     |  BH-BLK-7   |      180       |      180      |      0      |
|    103     | BH-BLK-7.5  |      180       |      180      |      0      |
|    104     |  BH-BLK-8   |      180       |      180      |      0      |
|    105     | BH-BLK-8.5  |      180       |      180      |      0      |
|    106     |  BH-BLK-9   |      180       |      180      |      0      |
|    107     | BH-BLK-9.5  |      180       |      180      |      0      |
|    108     |  BH-BLK-10  |      180       |      180      |      0      |
|    109     | BH-BLK-10.5 |      180       |      180      |      0      |
|    110     |  BH-BLK-11  |      180       |      180      |      0      |
|    111     |  BH-BRN-6   |      180       |      180      |      0      |
|    112     | BH-BRN-6.5  |      180       |      180      |      0      |
|    113     |  BH-BRN-7   |      180       |      180      |      0      |
|    114     | BH-BRN-7.5  |      180       |      180      |      0      |
|    115     |  BH-BRN-8   |      180       |      180      |      0      |
|    116     | BH-BRN-8.5  |      180       |      180      |      0      |
|    117     |  BH-BRN-9   |      180       |      180      |      0      |
|    118     | BH-BRN-9.5  |      180       |      180      |      0      |
|    119     |  BH-BRN-10  |      180       |      180      |      0      |
|    120     | BH-BRN-10.5 |      180       |      180      |      0      |
|    121     |  BH-BRN-11  |      180       |      180      |      0      |
|    122     |  BH-TAN-6   |      180       |      180      |      0      |
|    123     | BH-TAN-6.5  |      180       |      180      |      0      |
|    124     |  BH-TAN-7   |      180       |      180      |      0      |
|    125     | BH-TAN-7.5  |      180       |      180      |      0      |
|    126     |  BH-TAN-8   |      180       |      180      |      0      |
|    127     | BH-TAN-8.5  |      180       |      180      |      0      |
|    128     |  BH-TAN-9   |      180       |      180      |      0      |
|    129     | BH-TAN-9.5  |      180       |      180      |      0      |
|    130     |  BH-TAN-10  |      180       |      180      |      0      |
|    131     | BH-TAN-10.5 |      180       |      180      |      0      |
|    132     |  BH-TAN-11  |      180       |      180      |      0      |
|    133     |  CH-BLK-6   |      200       |      160      |      1      |
|    134     | CH-BLK-6.5  |      200       |      160      |      1      |
|    135     |  CH-BLK-7   |      200       |      160      |      1      |
|    136     | CH-BLK-7.5  |      200       |      160      |      1      |
|    137     |  CH-BLK-8   |      200       |      160      |      1      |
|    138     | CH-BLK-8.5  |      200       |      160      |      1      |
|    139     |  CH-BLK-9   |      200       |      160      |      1      |
|    140     | CH-BLK-9.5  |      200       |      160      |      1      |
|    141     |  CH-BLK-10  |      200       |      160      |      1      |
|    142     | CH-BLK-10.5 |      200       |      160      |      1      |
|    143     |  CH-BLK-11  |      200       |      160      |      1      |
|    144     |  CH-BRN-6   |      200       |      160      |      1      |
|    145     | CH-BRN-6.5  |      200       |      160      |      1      |
|    146     |  CH-BRN-7   |      200       |      160      |      1      |
|    147     | CH-BRN-7.5  |      200       |      160      |      1      |
|    148     |  CH-BRN-8   |      200       |      160      |      1      |
|    149     | CH-BRN-8.5  |      200       |      160      |      1      |
|    150     |  CH-BRN-9   |      200       |      160      |      1      |
|    151     | CH-BRN-9.5  |      200       |      160      |      1      |
|    152     |  CH-BRN-10  |      200       |      160      |      1      |
|    153     | CH-BRN-10.5 |      200       |      160      |      1      |
|    154     |  CH-BRN-11  |      200       |      160      |      1      |
|    155     |  CH-TAN-6   |      200       |      160      |      1      |
|    156     | CH-TAN-6.5  |      200       |      160      |      1      |
|    157     |  CH-TAN-7   |      200       |      160      |      1      |
|    158     | CH-TAN-7.5  |      200       |      160      |      1      |
|    159     |  CH-TAN-8   |      200       |      160      |      1      |
|    160     | CH-TAN-8.5  |      200       |      160      |      1      |
|    161     |  CH-TAN-9   |      200       |      160      |      1      |
|    162     | CH-TAN-9.5  |      200       |      160      |      1      |
|    163     |  CH-TAN-10  |      200       |      160      |      1      |
|    164     | CH-TAN-10.5 |      200       |      160      |      1      |
|    165     |  CH-TAN-11  |      200       |      160      |      1      |
|    166     |  LU-BLK-6   |      175       |      175      |      0      |
|    167     | LU-BLK-6.5  |      175       |      175      |      0      |
|    168     |  LU-BLK-7   |      175       |      175      |      0      |
|    169     | LU-BLK-7.5  |      175       |      175      |      0      |
|    170     |  LU-BLK-8   |      175       |      175      |      0      |
|    171     | LU-BLK-8.5  |      175       |      175      |      0      |
|    172     |  LU-BLK-9   |      175       |      175      |      0      |
|    173     | LU-BLK-9.5  |      175       |      175      |      0      |
|    174     |  LU-BLK-10  |      175       |      175      |      0      |
|    175     | LU-BLK-10.5 |      175       |      175      |      0      |
|    176     |  LU-BLK-11  |      175       |      175      |      0      |
|    177     |  LU-BRN-6   |      175       |      175      |      0      |
|    178     | LU-BRN-6.5  |      175       |      175      |      0      |
|    179     |  LU-BRN-7   |      175       |      175      |      0      |
|    180     | LU-BRN-7.5  |      175       |      175      |      0      |
|    181     |  LU-BRN-8   |      175       |      175      |      0      |
|    182     | LU-BRN-8.5  |      175       |      175      |      0      |
|    183     |  LU-BRN-9   |      175       |      175      |      0      |
|    184     | LU-BRN-9.5  |      175       |      175      |      0      |
|    185     |  LU-BRN-10  |      175       |      175      |      0      |
|    186     | LU-BRN-10.5 |      175       |      175      |      0      |
|    187     |  LU-BRN-11  |      175       |      175      |      0      |
|    188     |  LU-TAN-6   |      175       |      175      |      0      |
|    189     | LU-TAN-6.5  |      175       |      175      |      0      |
|    190     |  LU-TAN-7   |      175       |      175      |      0      |
|    191     | LU-TAN-7.5  |      175       |      175      |      0      |
|    192     |  LU-TAN-8   |      175       |      175      |      0      |
|    193     | LU-TAN-8.5  |      175       |      175      |      0      |
|    194     |  LU-TAN-9   |      175       |      175      |      0      |
|    195     | LU-TAN-9.5  |      175       |      175      |      0      |
|    196     |  LU-TAN-10  |      175       |      175      |      0      |
|    197     | LU-TAN-10.5 |      175       |      175      |      0      |
|    198     |  LU-TAN-11  |      175       |      175      |      0      |
+------------+-------------+----------------+---------------+-------------+
Error : AssertionError - 
Timestamp: 2026-08-26 09:38:31.386256
