
Status: FAILED!
Check: 1
Test: Exercise #2 Test
Reason: Expected:
+------------+--------------------------------+
| product_id | total_on_hand + total_on_order |
+------------+--------------------------------+
|     3      |               20               |
|     4      |               37               |
|     6      |               13               |
|     8      |               4                |
|     10     |               24               |
|     24     |               41               |
|     31     |               4                |
|     41     |               35               |
|     42     |               2                |
|     58     |               25               |
|     71     |               28               |
|     72     |               29               |
|     91     |               2                |
|     92     |               24               |
|    111     |               8                |
|    112     |               7                |
|    114     |               23               |
|    115     |               1                |
|    120     |               15               |
|    128     |               10               |
|    133     |               35               |
|    138     |               25               |
|    140     |               12               |
|    145     |               15               |
|    147     |               10               |
|    152     |               30               |
|    160     |               25               |
|    176     |               18               |
|    177     |               31               |
|    178     |               25               |
|    193     |               23               |
|    195     |               21               |
+------------+--------------------------------+
Found:
+-------+---------------------+---+------------+
|       |                     |   | product_id |
+-------+---------------------+---+------------+
| 1298  | 2016-09-22 13:17:13 | 5 |  1076.40   |
| 3198  | 2016-12-06 22:28:05 | 5 |  1153.90   |
| 3662  | 2016-12-24 04:45:23 | 6 |  1303.80   |
| 4672  | 2017-01-31 16:23:19 | 5 |  1176.60   |
| 5066  | 2017-02-15 11:47:37 | 5 |  1081.50   |
| 5479  | 2017-03-02 08:24:00 | 5 |  1070.60   |
| 5649  | 2017-03-10 13:04:44 | 5 |  1081.50   |
| 6674  | 2017-04-18 06:12:38 | 5 |  1041.25   |
| 7443  | 2017-05-18 16:31:30 | 6 |  1259.06   |
| 7788  | 2017-06-04 00:05:16 | 6 |  1250.80   |
| 9077  | 2017-07-20 13:12:32 | 5 |  1104.68   |
| 10091 | 2017-08-28 02:10:48 | 5 |  1149.20   |
| 11915 | 2017-11-02 16:15:11 | 6 |  1144.90   |
|   3   |                     |   |            |
|   4   |                     |   |            |
|   6   |                     |   |            |
|   8   |                     |   |            |
|  10   |                     |   |            |
|  24   |                     |   |            |
|  31   |                     |   |            |
|  41   |                     |   |            |
|  42   |                     |   |            |
|  58   |                     |   |            |
|  71   |                     |   |            |
|  72   |                     |   |            |
|  91   |                     |   |            |
|  92   |                     |   |            |
|  111  |                     |   |            |
|  112  |                     |   |            |
|  114  |                     |   |            |
|  115  |                     |   |            |
|  120  |                     |   |            |
|  128  |                     |   |            |
|  133  |                     |   |            |
|  138  |                     |   |            |
|  140  |                     |   |            |
|  145  |                     |   |            |
|  147  |                     |   |            |
|  152  |                     |   |            |
|  160  |                     |   |            |
|  176  |                     |   |            |
|  177  |                     |   |            |
|  178  |                     |   |            |
|  193  |                     |   |            |
|  195  |                     |   |            |
+-------+---------------------+---+------------+
Error : AssertionError - 
Timestamp: 2026-09-15 02:22:57.741784
